1.2390000820159912    0.12199997901916504 
0.06599998474121094    0.1359999179840088 
0.0690000057220459    0.1119999885559082 
0.07899999618530273    0.12599992752075195 
0.07299995422363281    0.10700011253356934 
0.14800000190734863    0.9260001182556152 
0.10500001907348633    0.5 
0.1549999713897705    0.6779999732971191 
0.09100008010864258    0.42099976539611816 
0.1419999599456787    0.22100019454956055 
0.10599994659423828    0.3339998722076416 
0.08999991416931152    0.20599985122680664 
0.08599996566772461    0.24900007247924805 
0.0710000991821289    0.28999996185302734 
0.07899999618530273    0.12800002098083496 
0.039999961853027344    1.1380000114440918 
0.13700008392333984    1.1589999198913574 
0.20300006866455078    3.493000030517578 
0.12199997901916504    1.7810001373291016 
0.312999963760376    2.868000030517578 
0.3279998302459717    2.1780002117156982 
2.6019999980926514    8.13699984550476 
1.9709999561309814    5.483999967575073 
2.5249998569488525    8.54800009727478 
1.3429999351501465    7.1529998779296875 
0.23399996757507324    3.390000104904175 
0.2890000343322754    5.562999963760376 
0.2369999885559082    9.836999893188477 
0.35699987411499023    3.6510000228881836 
0.2929999828338623    2.765000104904175 