1.5179998874664307    0.12599992752075195 
0.06700015068054199    0.1400001049041748 
0.0690000057220459    0.1119999885559082 
0.07999992370605469    0.13199996948242188 
0.07500004768371582    0.10899996757507324 
0.1790001392364502    0.9720001220703125 
0.10800004005432129    0.6040000915527344 
0.19000005722045898    0.7840001583099365 
0.09200000762939453    0.44299983978271484 
0.14299988746643066    0.2239999771118164 
0.10800004005432129    0.3430001735687256 
0.09100008010864258    0.21200013160705566 
0.08799982070922852    0.2569999694824219 
0.07200002670288086    0.3059999942779541 
0.08099985122680664    0.1359999179840088 
0.03900003433227539    1.1449999809265137 
0.1380000114440918    1.182999849319458 
0.21899986267089844    3.622999906539917 
0.125    1.8599998950958252 
0.32400012016296387    3.13100004196167 
0.3430001735687256    2.2209999561309814 
2.5949997901916504    8.708000183105469 
2.1610000133514404    6.1529998779296875 
2.6449999809265137    8.260999917984009 
1.3650000095367432    6.868000030517578 
0.30700016021728516    3.5269999504089355 
0.29200005531311035    5.876000165939331 
0.25099992752075195    10.27999997138977 
0.45600008964538574    4.174000024795532 
0.3250000476837158    3.135999917984009 
