0.7380001544952393    0.037999868392944336 
0.016000032424926758    0.031000137329101562 
0.017999887466430664    0.03399991989135742 
0.015000104904174805    0.034999847412109375 
0.014999866485595703    0.03600001335144043 
0.03900003433227539    0.040000200271606445 
0.03500008583068848    0.04200005531311035 
0.023999929428100586    0.02200007438659668 
0.026000022888183594    0.05500006675720215 
0.023000001907348633    0.026000022888183594 
0.003999948501586914    0.011999845504760742 
0.013000011444091797    0.009000062942504883 
0.01900005340576172    0.009000062942504883 
0.010999917984008789    0.023000001907348633 
0.008999824523925781    0.01699995994567871 
0.46199989318847656    0.051000118255615234 
0.12100005149841309    0.03800010681152344 
0.2999999523162842    0.04999995231628418 
0.2800002098083496    0.03800010681152344 
0.19499993324279785    0.04199981689453125 
0.7679998874664307    0.46700000762939453 
0.8810000419616699    0.562000036239624 
1.120999813079834    0.8830001354217529 
1.0840001106262207    0.5380001068115234 
0.8630001544952393    0.7430000305175781 
0.07599997520446777    0.22799992561340332 
2.175999879837036    0.21300005912780762 
0.6549999713897705    0.17199993133544922 
1.38100004196167    0.21700000762939453 
0.3660001754760742    0.5089998245239258 
